12
70
0 90 122 165 97 159 55 109 197 74 129 31 5 120 104 196 84 143 39 34 48 185 42 103 7 92 153 170 76 160 86 101 65 52 184 68 94 55 130 29 19 178 111 47 142 190 23 80 187 128 47 111 10 87 49 10 83 0 61 177 197 113 53 181 182 44 169 35 90 0
424 393 1129 1095 1193 483 446 580 1115 1188 218 188 185 468 45 1003 448 1048 264 803 358 1102 697 1192 418 1098 234 342 1143 209 33 831 160 758 462 955 419 88 729 625 1149 773
86
0 83 188 93 132 145 64 168 32 179 108 187 128 121 130 29 111 47 37 183 18 97 41 104 92 124 168 91 8 192 193 139 105 81 99 133 191 133 99 105 155 114 98 76 43 185 48 98 109 38 156 93 188 3 162 184 68 178 54 158 180 14 130 29 35 15 173 198 8 77 176 84 159 27 2 14 163 195 126 60 161 55 151 10 83 0
568 585 1109 71 256 643 777 101 933 1005 663 1111 650 361 175 653 1014 1009 222 498 75 972 459 893 800 678 825 775 277 1029 998 744 271 392 1122 1042 83 302 629 878 1113 72
83
0 83 194 75 38 130 29 35 164 23 189 168 63 8 192 95 134 40 62 111 47 50 30 101 170 76 42 31 6 20 45 3 188 152 184 145 132 108 187 146 6 156 153 92 192 8 77 176 76 43 46 10 111 163 177 191 133 36 63 144 135 142 161 47 37 25 151 97 54 141 52 154 37 165 58 4 42 103 95 11 63 83 0
1169 1161 214 258 1067 917 619 811 1085 294 971 221 1189 771 745 42 389 290 286 818 814 778 812 255 900 379 1141 79 240 479 85 976 487 1185 882 334 1147 515 98 81 880 559 550 453
74
0 90 123 54 141 24 91 118 116 112 170 76 43 185 48 177 137 12 17 162 175 139 105 107 25 120 104 102 14 165 23 190 70 161 3 188 53 18 176 22 21 144 16 75 32 79 146 6 134 156 153 92 124 126 60 161 142 174 51 169 154 37 47 140 43 117 36 43 185 39 30 5 90 0
737 1079 396 269 562 837 445 724 1054 374 345 423 121 68 715 780 805 451 291 289 8 672 236 456 313 95 170 245 440 189 364 497 180 627 426 639 914 817 1036 230 977 490 22
88
0 90 133 191 107 181 3 188 152 50 147 11 59 144 63 159 97 163 72 98 70 197 12 128 1 198 124 92 192 56 111 10 49 161 142 174 8 77 56 9 7 103 42 4 166 162 3 188 93 132 99 105 139 13 127 178 180 179 94 140 173 158 168 64 117 110 172 156 117 86 123 121 130 21 144 164 9 69 66 67 185 43 115 29 111 10 83 0
250 162 93 452 400 919 997 951 723 1117 303 827 970 376 463 200 726 680 454 104 430 330 54 478 1130 332 194 318 781 949 437 638 241 658 177 1165 1144 1082
80
0 83 58 92 121 156 153 107 25 114 134 95 117 86 40 62 132 145 109 30 111 10 49 174 8 77 138 43 185 42 87 121 130 29 69 66 11 188 3 162 106 185 48 177 197 123 72 98 76 43 188 152 66 48 189 72 97 41 194 75 32 79 182 46 10 111 29 35 71 190 23 165 20 155 105 107 45 10 83 0
395 940 1041 665 746 728 754 578 365 617 1045 961 582 307 489 952 1148 632 595 341 1038 554 921 983 956 1044 846 232 784 263 936 871 1153 416 1168
122
0 83 17 63 144 90 122 10 83 106 45 3 162 92 125 65 57 51 169 20 155 20 180 159 184 14 100 110 117 86 160 91 8 77 186 112 170 76 43 147 186 112 170 76 43 185 143 185 42 31 193 192 193 165 37 47 111 174 47 197 113 53 72 98 138 45 3 181 107 105 155 21 144 63 70 116 95 134 40 102 162 3 188 93 62 132 145 64 168 136 50 133 99 105 139 71 139 105 99 133 191 30 111 10 83 194 75 47 37 78 46 10 148 15 35 29 69 29 69 11 90 0
1101 106 485 6 472 1032 581 755 417 296 876 182 172 887 1104 1057 1073 939 306 1002 153 767 207 524 24 2 4 558 469 535 752 584 718 252 413 710 428 563 1060 982 422 40 216
75
0 31 42 177 197 113 53 181 3 162 184 68 157 51 169 20 155 24 73 14 102 167 183 2 151 27 82 181 3 188 53 115 127 123 54 108 187 128 1 44 189 111 47 37 180 179 15 173 136 69 29 130 194 9 23 190 124 92 5 30 111 124 51 57 80 178 126 84 58 167 100 150 186 90 0
785 902 371 768 707 695 91 130 616 798 517 359 801 1174 380 646 601 684 701 1150 789 786 611 659 928 331 692 259 834 278 300 65
75
0 90 133 191 107 181 151 150 186 112 33 185 43 186 88 91 164 9 69 66 67 77 8 174 147 98 24 167 100 176 54 57 119 101 65 125 72 98 70 63 36 156 162 184 28 89 62 46 193 191 133 32 179 199 109 11 63 144 21 6 86 160 4 166 32 75 39 115 164 9 7 34 10 83 0
614 47 861 885 508 640 1136 509 92 1012 333 1001 870 90 64 1123 969 594 131 765 735 407 895 317 690 1172 890 654 17 642 605 591 410 853 199 1053 323 538 354 1013 11 534 366 592 966 1184
137
0 85 152 188 93 197 113 53 181 107 45 3 159 61 155 89 28 60 161 142 135 176 77 8 174 51 169 131 129 22 129 31 6 56 89 56 9 7 103 95 67 66 69 29 35 15 173 65 101 156 7 103 42 31 6 161 49 10 111 189 45 23 1 93 188 152 153 184 68 157 68 195 124 92 32 75 156 117 86 185 42 103 95 190 124 92 192 96 1 70 63 144 21 125 150 91 5 21 130 29 69 181 107 105 99 133 50 121 113 55 31 42 125 65 199 130 121 113 191 133 99 105 81 84 58 167 100 176 77 8 119 57 80 57 119 90 0
337 628 475 645 691 641 118 1076 29 268 381 813 942 370 191 637 133 82 792 367 197 1059 963 242 621 320 958 1131 35 667 167 1112 1119 1106 66 51 905 37 669 270 228 1135 1049 833 226 140 565 822 797 795 32 449
74
0 90 133 191 26 109 173 132 93 177 197 74 177 22 187 101 65 57 144 65 125 114 105 139 13 41 194 9 115 164 9 64 117 86 16 112 170 76 43 46 85 152 197 113 53 181 107 56 163 195 44 126 66 52 180 159 61 131 16 151 10 49 171 95 103 7 23 135 142 161 151 10 83 0
993 965 465 624 513 1096 856 964 932 1074 660 340 1055 139 169 338 262 530 764 1194 884 898 1088 570 80 576 141 923 1058 1062 383 1170 1163 405 280 994 600 872 1081 155 796
116
0 83 188 3 159 61 122 44 122 171 49 171 95 103 42 45 189 7 103 42 53 181 3 188 7 87 49 10 148 15 35 29 69 70 30 39 34 82 187 40 155 24 91 118 116 163 177 137 13 130 29 43 185 48 51 135 142 161 49 155 20 180 26 191 133 99 105 139 126 178 113 53 181 107 196 166 4 42 103 33 6 134 164 195 184 68 157 161 142 174 51 169 131 78 58 167 100 194 170 48 174 51 6 113 143 185 42 28 89 28 60 161 49 10 83 0
1084 283 947 287 999 832 62 804 676 782 912 244 1159 577 1075 868 145 748 873 148 351 193 434 1061 115 10 44 634 1022 536 655 579 144 557 732 192 1011 350 421 583 974 409 166 1137
