12
77
0 90 133 191 107 56 163 111 10 148 15 173 198 8 192 95 103 33 185 67 66 126 44 169 20 155 105 139 13 137 12 17 162 3 161 142 190 70 63 36 43 186 112 170 76 160 91 164 9 115 164 9 64 145 132 21 144 16 75 47 111 30 5 120 25 114 125 65 52 154 37 47 111 30 5 90 0
614 80 576 79 422 1029 998 619 811 600 751 508 1058 923 625 1055 145 445 724 1054 472 8 342 291 85 1036 640 884 448 92 338 530 585 818 717 1053 313 95 563 490 1115 121 660 264 515 22
76
0 90 133 191 26 191 133 99 105 81 99 133 88 91 8 77 186 112 116 95 103 7 92 125 65 57 119 101 156 162 184 68 94 24 98 70 197 74 177 22 187 108 179 163 14 130 29 69 66 67 77 176 54 141 52 184 68 178 111 174 142 161 55 151 97 159 27 82 187 128 121 130 29 35 90 0
1009 993 1014 175 653 509 887 837 469 45 1032 131 765 690 803 486 64 1096 856 71 415 83 277 333 969 1079 1147 678 1098 153 878 1113 882 392 256 773
102
0 90 133 99 105 155 21 138 98 72 53 181 107 196 104 120 25 114 105 139 175 162 184 159 61 131 78 46 10 111 62 132 93 188 152 197 74 129 22 187 128 47 142 161 49 171 95 190 23 189 168 64 168 136 50 30 39 34 10 83 17 63 144 135 142 98 114 105 139 13 41 194 9 69 29 111 10 49 171 190 124 126 60 161 142 174 47 37 165 58 167 100 110 117 86 160 91 150 151 10 83 0
222 558 24 524 1188 68 345 374 417 982 1085 389 570 446 29 831 160 234 133 35 1143 258 1067 718 252 413 971 1184 1101 976 155 75 139 169 1012 40 643 667 364 767 98 182 354 172 66 861
82
0 90 122 165 23 135 142 174 51 169 154 37 47 111 10 87 49 10 46 85 152 184 52 180 158 180 14 2 27 82 187 108 187 101 156 36 133 191 26 109 173 65 101 30 39 143 185 39 115 164 9 7 34 48 185 42 4 58 167 100 176 84 159 61 122 10 151 181 107 196 84 58 167 20 45 3 22 21 144 63 83 0
424 393 451 1081 497 180 627 777 758 898 1088 290 383 775 1042 1122 778 964 317 479 965 465 370 221 977 188 1073 230 592 262 966 185 81 744 271 1084 485 47 218 797 42 456 199 453
87
0 83 188 53 181 107 105 139 126 60 161 142 174 48 51 6 31 42 28 89 28 60 161 24 91 160 86 40 155 20 180 158 168 64 117 86 123 121 130 194 75 32 79 182 46 43 115 29 130 21 144 164 9 69 70 116 163 72 98 70 197 12 128 1 198 124 92 5 30 109 134 164 9 7 87 49 10 45 3 162 102 167 100 150 186 90 0
1174 768 434 1137 200 350 873 421 974 409 166 577 728 1159 781 638 611 784 263 936 1165 1144 241 912 1075 723 1117 303 827 970 928 365 763 1022 676 1168 616 300 65
108
0 83 58 167 100 194 9 7 189 45 3 188 93 1 44 122 171 49 155 20 180 26 191 133 50 47 111 10 46 10 83 188 7 156 153 107 181 3 162 106 68 157 161 31 173 15 137 177 197 113 143 185 42 4 166 196 107 181 3 188 43 147 50 152 188 93 132 145 109 173 15 148 15 35 29 69 66 152 188 53 42 103 33 6 56 111 47 37 180 159 97 163 72 98 76 43 185 48 189 111 47 37 78 58 78 119 90 0
395 732 832 999 684 283 947 351 193 294 871 804 665 632 579 960 500 868 341 583 115 921 93 162 578 782 983 62 44 463 701 997 951 177 1044 557 449
82
0 61 177 93 188 53 18 97 41 104 102 14 165 97 169 35 15 173 132 62 32 168 91 160 4 146 6 31 4 166 32 179 199 109 197 47 37 25 151 16 112 170 76 43 185 48 177 191 107 25 125 72 98 76 43 46 193 192 8 174 147 186 112 170 76 43 185 42 103 95 134 156 7 23 190 141 24 91 118 116 83 0
955 419 513 672 933 1005 715 780 805 1129 1080 1149 624 620 1109 650 1013 245 11 591 410 483 207 1185 280 1194 240 423 735 407 1141 642 306 1001 870 1057 468 440 191 872 396 269 562
73
0 31 6 134 40 62 132 99 105 139 13 127 178 180 178 113 53 115 127 123 72 97 41 194 170 76 9 23 190 171 49 174 51 169 20 155 24 73 14 165 20 180 158 173 15 179 94 140 173 136 69 66 48 170 76 43 185 48 177 42 87 121 156 162 184 68 157 51 124 111 10 83 0
785 634 754 330 54 478 1130 1061 380 646 846 232 192 659 287 961 91 130 416 318 789 1150 194 786 956 1011 595 371 489 952 1041 707 695 692 331
96
0 83 106 45 3 162 184 145 132 93 62 89 28 60 161 47 140 43 117 86 6 156 153 170 76 42 31 6 21 144 90 11 109 134 40 102 162 92 192 193 165 55 130 29 35 164 195 44 122 69 66 52 184 28 60 161 24 167 100 14 130 29 35 71 139 105 107 181 182 44 189 111 47 37 183 18 176 76 43 185 48 51 57 144 63 8 77 186 88 133 191 30 111 10 83 0
6 1172 286 584 654 487 426 639 914 538 255 1003 771 323 106 216 853 535 752 900 1002 1102 1161 141 1062 890 1056 1123 876 710 88 729 82 101 236 379 581 932 917 1136 428
107
0 85 152 188 93 197 113 191 107 45 3 188 93 75 156 153 184 68 157 68 195 105 99 133 191 108 187 40 159 61 155 105 81 84 198 88 182 181 3 188 152 153 92 164 9 56 89 155 20 6 56 6 161 142 174 51 96 192 193 191 133 50 121 130 182 181 69 29 35 71 18 97 36 117 86 185 143 103 42 31 5 21 125 42 103 95 67 15 173 65 199 130 121 113 55 31 5 91 8 119 57 80 62 46 10 83 0
337 628 565 475 736 958 963 242 621 461 540 1090 326 691 822 1139 742 4 1059 189 553 813 381 641 745 268 637 488 167 669 140 772 37 137 120 817 1131 916 580 905 1106 1049 942 943 833 226 270 228 1135 51 795 32 17
75
0 83 188 3 159 55 109 38 130 29 19 178 54 158 79 146 187 80 23 164 195 126 60 161 151 10 49 171 95 103 42 31 193 139 105 155 20 155 114 105 99 133 32 75 38 156 93 188 3 159 61 131 16 86 101 170 76 43 185 48 98 70 161 49 171 95 11 63 144 65 57 54 123 90 0
568 645 1095 1193 893 697 1192 418 825 170 812 33 209 214 536 629 796 462 994 880 939 361 755 498 340 605 534 1169 800 1170 405 764 1048 1189 972 459 895 289 559 550 1074 594 737
88
0 90 133 99 105 139 71 190 23 164 9 7 103 42 31 6 161 142 135 51 169 131 78 187 108 54 141 172 156 117 86 123 72 98 76 43 185 42 4 166 162 184 195 124 92 58 167 183 2 151 10 111 30 39 34 82 181 107 25 114 134 77 56 192 8 77 138 43 185 67 66 11 59 144 63 159 61 131 78 119 57 80 178 126 84 58 83 0
250 1153 454 104 902 148 144 996 601 949 437 1038 554 10 430 655 940 278 798 517 359 72 1045 617 244 801 746 680 376 726 582 307 658 1148 452 400 919 1163 259 834 1082
