12
138
0 85 152 188 93 197 113 191 133 50 121 113 53 181 107 45 3 159 61 155 21 144 90 144 157 68 157 68 195 124 190 124 92 136 168 64 145 132 62 46 10 49 161 84 81 59 37 47 111 10 49 171 95 190 171 88 182 181 3 162 184 28 89 56 9 69 29 111 30 39 30 5 91 160 86 185 143 103 33 8 174 51 96 192 193 165 55 31 129 22 3 188 152 153 184 28 89 155 20 6 156 7 103 95 67 66 69 181 69 29 111 30 5 21 125 65 199 130 29 35 15 173 65 125 42 31 6 161 142 174 111 10 87 49 161 49 10 83 0
337 628 565 669 270 475 645 691 558 106 176 242 621 667 252 718 818 17 462 133 61 822 35 372 742 472 1172 890 381 1012 643 977 51 1131 916 751 510 488 167 1135 29 1059 963 641 745 255 942 37 905 1106 833 226 370 1049 637 153 758
80
0 83 188 93 16 112 170 76 43 185 42 103 7 34 113 53 181 107 105 81 99 133 191 133 32 179 108 187 146 6 21 144 157 68 94 24 98 70 116 112 170 76 43 46 10 148 15 173 198 124 126 178 54 176 84 159 61 131 16 75 194 41 104 158 54 141 52 184 14 163 195 126 44 169 154 37 47 111 10 83 0
568 1194 972 468 880 966 175 653 1014 1009 605 71 812 245 323 1053 803 486 64 837 1141 422 1029 364 825 969 744 271 1163 405 95 784 1005 1079 1147 296 83 302 629 625 627 777
90
0 83 17 63 144 65 125 114 105 107 181 3 188 152 197 113 53 181 107 25 120 104 102 14 130 29 69 66 52 180 14 165 37 47 111 10 46 78 119 57 80 187 101 170 76 43 185 42 103 7 92 153 170 76 9 115 43 185 48 98 70 161 142 174 8 77 186 112 33 185 43 186 88 91 160 4 31 193 192 95 134 40 62 89 28 60 161 151 10 83 0
1101 1074 660 340 570 423 121 68 715 780 697 40 1062 383 805 982 733 131 33 964 1189 45 189 1003 338 459 289 1001 887 508 640 1136 509 1013 939 811 535 654 409 796
76
0 90 122 165 55 109 38 156 36 63 144 135 142 161 47 140 43 117 86 6 31 4 166 32 179 199 109 197 177 93 75 38 130 29 19 178 126 66 67 77 8 192 193 165 37 183 18 97 159 27 82 191 133 52 184 159 61 177 137 12 17 162 175 139 105 155 114 98 72 53 181 107 196 84 58 83 0
424 393 1193 893 317 85 976 155 487 426 639 914 538 10 11 591 410 483 513 736 1169 1192 418 1058 333 619 306 1002 101 933 392 360 417 1170 445 724 1054 374 345 222 498 75 407 524 218 797
72
0 90 133 191 107 196 166 162 184 195 127 178 126 84 58 167 183 2 151 10 111 30 39 34 82 181 182 46 43 185 48 177 42 87 121 130 194 9 23 190 171 95 134 164 9 69 29 35 15 173 158 168 64 117 86 40 155 24 73 14 130 29 35 71 190 171 49 174 8 77 186 90 0
250 115 430 655 478 834 798 517 359 72 1045 617 244 801 88 936 595 371 489 952 611 659 1022 318 781 437 728 1159 91 130 1153 287 961 726 65
76
0 90 11 59 144 164 9 69 66 11 63 159 61 122 171 49 10 45 3 162 102 167 58 92 121 130 29 69 66 48 51 124 111 174 48 185 43 115 29 69 136 173 15 179 114 134 40 62 132 99 105 155 49 171 172 156 162 106 185 42 28 60 161 142 135 51 6 56 111 47 37 165 97 163 116 83 0
452 400 241 1148 919 1084 947 1168 616 940 956 873 692 331 350 1165 1144 786 789 1150 746 754 330 54 351 875 949 632 974 166 1137 148 421 463 951 1075
87
0 83 106 45 3 188 93 62 132 145 184 68 178 111 10 34 48 51 169 35 164 9 56 107 105 139 71 139 105 155 20 45 3 181 182 44 195 124 198 8 77 176 76 160 91 8 174 51 57 144 135 23 190 70 197 47 111 10 49 171 95 11 63 36 43 185 39 115 164 9 64 145 132 93 16 151 27 82 187 146 79 32 75 47 111 10 83 0
6 584 286 678 1098 1184 185 180 1149 1161 813 80 710 755 42 4 729 141 998 379 448 497 581 932 1081 291 207 994 559 550 1036 230 592 262 530 280 170 563
78
0 31 6 134 95 103 42 53 181 107 153 184 68 157 51 57 80 178 180 37 78 187 108 54 123 121 156 153 92 5 30 109 134 77 56 192 8 77 138 43 147 50 152 188 93 75 32 79 182 181 107 105 139 126 178 113 53 188 152 66 69 70 197 113 53 115 127 123 72 97 41 194 170 48 189 111 10 83 0
785 634 62 768 665 707 695 259 1130 701 996 601 638 1041 928 365 680 376 582 307 93 162 263 434 1061 1174 983 912 723 380 646 1038 846 232 192 1011 1044 1082
108
0 90 11 109 38 126 44 189 23 45 3 161 142 190 23 165 97 41 194 111 174 47 37 78 187 108 187 128 47 37 78 187 40 62 111 10 46 43 185 143 39 75 156 162 92 136 50 30 111 10 46 193 191 26 180 158 180 159 61 177 191 30 111 47 37 25 114 105 107 196 104 92 192 193 139 13 137 177 22 21 138 98 76 43 185 42 4 58 167 100 110 100 14 102 40 62 132 93 188 152 184 52 154 37 47 111 10 83 0
216 853 923 258 792 8 342 1143 451 169 767 1060 778 831 160 1090 1085 1073 188 366 690 413 971 642 993 193 775 419 240 428 1185 1188 663 900 361 1055 145 856 456 24 81 182 876 752 290 515
64
0 61 122 10 46 85 152 188 93 132 173 198 124 168 32 75 156 93 188 53 18 176 77 8 119 101 30 111 47 142 161 55 151 97 41 13 130 29 35 90 133 36 63 144 16 86 160 91 164 23 190 141 24 167 58 165 97 159 55 130 21 144 63 83 0
955 485 898 1088 389 624 1111 1109 534 958 800 672 236 795 765 221 234 878 1113 882 139 709 773 479 199 313 764 354 172 92 214 396 1123 98 1129 1095 1102 453
85
0 90 133 191 107 105 99 133 191 26 109 173 198 110 117 86 101 65 52 184 162 92 125 72 98 70 63 8 174 147 186 112 170 76 42 103 95 134 156 7 23 80 57 54 123 90 133 191 107 181 151 150 197 74 177 197 74 129 31 5 120 27 2 14 130 121 128 47 111 189 168 91 118 116 95 103 42 31 6 56 163 111 30 5 90 0
614 965 465 178 1048 264 1032 735 895 917 870 1057 884 771 600 440 191 872 209 32 594 737 47 861 1096 341 446 580 1115 390 1122 1042 277 140 256 82 1067 650 269 562 469 268 576 79 490 22
119
0 90 133 50 47 37 78 131 78 58 167 100 150 197 113 143 185 43 185 48 177 137 12 128 1 93 132 21 144 157 161 142 174 8 119 90 133 75 32 179 163 72 98 76 43 46 10 83 58 167 100 194 9 7 103 42 31 161 142 174 51 169 20 165 97 159 61 122 44 1 198 124 168 64 145 109 134 77 8 91 24 94 140 173 15 148 15 35 29 69 73 14 130 29 69 66 67 185 42 103 33 6 31 42 103 7 189 45 189 111 10 46 43 188 7 87 49 10 83 0
294 144 557 278 300 948 583 177 868 1117 303 717 579 200 449 571 415 554 871 395 732 454 104 902 960 416 997 283 684 827 970 585 578 763 577 194 782 257 658 44 832 999 921 804 676
