10
15
0 12 34 33 15 8 30 22 33 15 8 30 21 15 12 0
52 19 81 66
14
0 12 15 33 13 20 16 19 1 20 13 33 15 12 0
74 22
17
0 12 15 8 6 26 10 13 33 15 12 11 7 30 8 15 12 0
28 84
14
0 12 21 10 13 20 1 19 1 20 13 33 15 12 0
9 68 45
14
0 12 15 8 15 8 30 11 7 30 21 24 21 12 0
13 70 20
18
0 14 10 9 23 10 13 20 1 3 5 3 1 20 13 33 15 12 0
32 85
11
0 12 34 4 25 28 4 34 33 15 12 0
59 36
11
0 12 15 8 6 26 10 13 7 15 12 0
34 73 15
15
0 12 11 7 30 8 1 20 13 33 22 33 13 29 12 0
54 23 12 79
9
0 14 25 28 27 34 33 15 12 0
39 14 87
