16 27 1800 4 0 0.6
42.460 21.470
42.462 21.471
42.464 21.470
42.465 21.472
42.463 21.474
42.460 21.473
42.457 21.471
42.458 21.469
42.461 21.468
42.466 21.469
42.467 21.471
42.464 21.468
42.462 21.467
42.459 21.466
42.456 21.468
42.455 21.470
0 1 2 45 400 O 10
1 2 2 30 250 M 10
2 3 2 50 500 O 20
3 4 2 60 600 M 30
4 5 2 40 350 O 10
5 0 2 35 300 M 20
0 6 2 25 200 M 10
6 7 2 20 150 O 10
7 1 2 30 250 O 10
3 9 2 55 550 M 20
9 10 2 40 400 O 10
10 11 2 45 350 M 20
11 12 2 30 200 O 10
12 2 2 35 300 O 10
5 8 1 25 0 C 0
8 3 1 25 0 C 0
6 13 2 50 450 M 30
13 14 2 40 350 O 20
14 15 2 30 200 O 10
15 7 2 35 300 M 20
1 14 2 70 600 O 20
3 10 1 35 0 C 0
5 12 2 55 500 M 30
8 4 1 30 0 C 0
9 6 2 65 550 O 20
15 0 2 45 400 M 10
S M L S
