12
113
0 83 106 45 3 181 151 25 120 27 82 187 146 79 146 187 128 47 111 10 46 62 111 163 72 98 138 43 185 39 115 164 9 69 29 130 121 130 29 35 164 9 69 66 126 60 161 142 174 8 174 51 96 192 8 174 47 111 30 5 91 118 91 8 198 124 92 153 170 76 43 147 186 88 190 124 190 23 165 55 31 129 22 3 159 61 177 137 12 17 63 36 133 191 30 111 47 142 135 142 161 3 181 107 105 139 71 139 105 155 21 144 90 0
6 4 47 121 390 170 831 160 17 1085 79 407 24 230 592 262 40 140 1161 1058 1001 488 167 490 51 269 998 1003 1057 1136 168 667 1143 451 29 645 1170 419 445 724 1101 85 479 428 234 155 8 710 558
90
0 83 188 3 22 187 146 6 31 37 183 18 97 191 26 191 133 99 105 81 99 133 88 91 164 9 115 164 195 126 44 169 131 78 119 101 65 57 54 141 24 98 76 43 185 42 31 193 192 8 77 186 112 116 95 103 42 4 166 32 75 38 156 162 184 68 178 54 141 52 184 28 89 56 163 14 130 121 128 47 111 10 148 15 173 132 21 144 63 83 0
568 812 245 101 933 957 993 1009 1014 175 653 509 92 338 536 629 625 144 733 765 594 1079 64 972 468 939 887 837 469 880 11 534 1169 690 678 825 1147 890 576 83 277 256 777 422 624 717 1053 199 453
75
0 90 123 72 98 76 43 186 112 170 76 43 117 86 16 75 47 111 10 151 16 93 188 152 184 145 64 168 32 179 199 109 11 63 144 21 6 161 55 31 5 120 104 196 107 181 182 44 189 45 20 155 114 125 65 101 30 111 10 46 78 187 101 65 52 184 68 94 140 43 185 42 31 5 90 0
737 640 884 914 764 95 563 72 280 290 286 718 1109 591 853 550 323 637 878 1135 580 1115 68 1188 729 42 498 660 221 982 996 964 264 803 639 22
110
0 83 58 84 81 105 107 87 49 171 88 182 181 107 45 3 188 93 197 74 48 185 42 31 129 131 78 187 40 102 131 61 155 89 56 6 20 180 145 132 21 125 42 31 6 156 117 86 185 143 103 7 156 162 184 68 195 105 99 133 191 108 187 40 159 61 131 95 134 113 92 32 75 156 153 184 68 157 161 49 171 190 95 67 66 69 181 107 105 99 133 50 121 130 21 5 30 39 30 111 47 140 173 65 199 130 29 111 10 83 0
822 512 372 742 475 628 18 1076 1090 844 691 641 381 268 745 299 1106 1049 255 1131 916 191 621 461 540 326 721 1034 320 958 963 242 35 942 37 669 905 977 426 370 226 643
73
0 145 132 99 105 139 13 127 178 167 183 2 151 27 82 34 113 53 115 127 123 121 130 29 35 15 179 32 79 182 181 107 196 166 4 42 87 121 130 29 69 66 48 177 137 12 128 1 198 124 111 30 109 134 77 138 43 147 50 152 188 3 162 184 195 124 51 169 20 155 49 10 83 0
330 54 478 798 517 359 244 380 646 638 1150 263 88 115 10 489 952 956 595 868 1117 303 827 970 331 617 365 763 582 307 93 162 655 692 351 1082
79
0 31 42 177 4 166 162 102 167 58 92 5 30 111 189 7 103 42 28 89 28 60 161 142 98 76 43 185 56 192 8 77 56 111 47 37 180 20 165 97 41 194 130 29 69 73 24 94 140 173 65 57 80 178 113 53 181 3 188 43 115 29 69 70 116 163 72 98 70 197 150 100 194 9 7 87 49 10 83 0
785 902 371 430 616 278 940 928 832 104 974 409 166 1137 554 177 376 726 680 463 701 416 232 611 257 130 194 259 1061 768 921 1165 1144 912 1075 723 948 300 732 454 676
70
0 83 17 162 102 40 62 93 188 152 197 113 55 109 197 74 129 170 76 42 103 7 34 48 98 70 63 8 174 147 43 46 193 139 105 107 25 114 105 99 133 32 179 108 187 80 23 189 168 91 160 4 58 84 176 54 158 180 52 154 37 47 111 10 87 49 171 95 11 90 0
1054 752 584 570 228 1193 483 446 1039 771 966 185 459 895 917 870 1104 1141 642 361 423 340 605 71 778 33 209 258 1067 650 172 1013 81 797 744 969 383 515 758 994 559 216
81
0 90 133 191 107 181 182 27 82 181 107 153 184 68 157 51 169 20 155 40 62 132 93 188 152 66 11 63 159 61 122 171 95 117 86 40 62 132 108 54 158 168 64 117 110 172 156 153 92 121 156 153 92 136 69 66 67 185 48 189 45 10 49 174 51 6 134 164 9 23 164 144 59 37 47 111 174 8 77 186 90 0
250 1016 801 665 707 695 1159 754 983 1148 919 1084 947 437 728 814 601 781 949 1041 786 658 1044 999 1168 961 421 634 1022 659 241 400 65
93
0 83 188 152 153 92 136 50 30 111 174 51 169 20 155 105 139 13 41 194 9 69 66 52 184 162 3 188 93 16 112 33 185 143 39 34 10 111 47 37 25 114 98 72 53 181 107 56 9 7 23 164 9 69 66 67 77 8 192 95 117 86 101 170 76 43 185 42 103 95 117 110 100 176 76 43 185 48 51 57 144 135 23 189 111 174 51 169 35 90 122 10 83 0
389 1059 189 413 971 153 497 180 755 222 1055 139 169 1012 1062 1172 472 1194 508 1073 188 1184 1185 75 524 80 813 872 214 333 619 811 1048 1189 600 182 379 581 932 976 1081 82 1149 773 485
70
0 61 131 16 144 90 122 165 97 41 104 102 14 100 167 58 84 159 55 151 150 197 113 53 18 176 77 8 174 47 197 74 177 191 107 105 99 133 191 26 109 173 198 124 126 44 195 124 92 125 72 98 76 160 86 6 134 156 36 43 185 48 51 169 154 37 47 111 10 83 0
955 1163 405 313 106 424 393 1129 1005 715 780 876 271 1095 1113 861 672 236 767 207 1096 240 614 965 465 1029 364 923 141 1032 735 448 354 538 440 317 1036 873 627
73
0 83 194 9 64 145 132 62 89 28 60 161 49 10 46 85 152 188 93 177 22 21 144 65 199 109 38 156 93 188 7 92 192 193 165 55 130 29 19 178 111 47 161 142 190 70 161 151 97 191 26 180 158 54 141 24 167 58 84 196 107 105 139 175 162 184 159 27 2 14 165 58 83 0
530 585 818 654 133 462 898 513 856 456 1074 833 410 893 800 45 900 306 1002 1102 697 1192 418 1098 487 342 291 289 796 882 193 775 396 1123 218 345 374 417 392 1122 1042 805 98 395
106
0 83 106 162 3 188 53 181 107 25 114 134 40 62 132 145 109 11 59 37 78 58 84 126 139 105 155 24 91 8 178 180 14 130 29 35 15 148 15 173 158 54 123 72 97 54 158 180 159 97 163 13 137 177 197 74 188 93 1 44 122 44 77 8 174 51 135 144 157 161 142 174 48 170 194 9 69 29 35 71 190 171 49 171 95 117 36 85 152 188 7 103 33 6 113 143 185 42 53 181 182 46 10 111 10 83 0
632 1174 746 578 452 557 834 434 91 577 1047 1130 782 789 318 1038 846 334 997 951 598 145 341 899 684 283 630 148 579 200 350 1011 192 1153 287 817 593 1088 804 44 583 62 936 871 1045
