12
91
0 83 106 45 189 168 64 117 110 100 167 58 83 194 75 47 37 25 120 104 102 162 3 188 152 184 145 132 173 136 50 30 111 189 44 126 60 161 49 10 111 47 37 183 18 176 77 8 174 51 169 35 71 139 105 99 133 191 30 111 47 37 78 46 43 147 186 88 91 164 9 194 75 32 79 146 6 156 36 43 46 10 111 47 142 161 55 130 29 35 90 0
6 1067 718 182 563 1185 121 68 715 389 290 286 818 624 154 413 971 82 923 133 462 101 236 1001 497 1149 710 428 982 1104 1057 1136 92 170 255 317 1036 234 878 1102 773
75
0 83 188 93 16 75 32 168 91 88 171 49 10 46 85 152 197 74 177 197 74 129 31 193 165 97 41 104 196 107 105 99 133 191 26 180 159 27 2 14 102 162 184 68 94 140 173 198 124 126 44 169 131 16 112 116 95 190 23 164 9 115 43 117 156 93 188 3 162 184 68 178 111 10 83 0
568 95 534 1109 650 509 898 1088 570 1096 341 446 939 1002 1129 1005 1014 1009 993 193 392 1122 1042 780 803 1029 364 625 405 1194 837 469 214 338 914 800 678 1098
114
0 85 152 153 92 32 75 156 153 184 162 184 68 157 68 195 124 190 23 45 3 188 93 197 113 191 133 50 121 130 29 69 181 3 159 61 155 20 6 56 89 155 105 81 84 143 103 33 8 192 8 174 86 185 42 31 5 21 125 42 31 6 56 9 115 164 23 190 95 67 66 69 29 111 47 140 75 194 111 47 37 165 55 31 5 91 8 119 57 80 62 132 108 187 40 62 46 10 111 47 158 180 26 191 97 36 63 70 1 128 47 111 10 83 0
337 1059 189 320 958 963 1172 242 621 792 628 565 669 37 645 691 745 268 381 641 822 916 751 510 619 460 1131 905 1106 1049 813 262 35 942 643 426 86 1135 51 795 814 1090 17 830 957 120 1119 160
79
0 90 122 10 111 174 147 43 185 48 51 169 20 155 21 144 90 11 109 134 156 162 92 192 193 139 105 107 45 20 155 114 98 70 161 151 150 186 112 33 185 42 31 6 86 160 91 160 4 58 165 55 151 97 159 184 28 89 62 93 177 22 176 84 159 61 122 165 100 14 165 23 190 70 30 39 34 10 83 0
424 485 153 870 873 180 755 558 106 216 853 440 690 900 306 361 475 42 498 75 289 796 861 885 508 538 172 1013 81 98 1113 882 417 890 654 584 513 856 744 271 1084 393 876 805 451 291 1184
109
0 83 194 130 21 144 164 9 7 87 49 171 95 103 33 6 113 143 185 42 31 42 103 7 189 23 190 141 24 91 160 86 40 62 132 21 144 157 161 142 135 51 124 198 1 93 188 53 181 107 105 139 126 178 180 37 78 58 83 188 43 185 48 177 137 13 130 29 35 15 148 15 35 29 69 73 14 130 121 156 153 92 164 195 124 92 5 4 166 196 174 8 77 176 9 69 66 67 185 48 189 45 10 111 47 37 78 119 90 0
611 241 454 676 44 583 902 832 577 728 717 579 148 692 970 827 1174 434 1130 701 557 395 921 177 868 145 782 257 1041 553 536 928 10 115 471 1195 658 1044 999 1168 449
93
0 90 133 99 105 139 13 127 123 72 98 76 170 194 9 69 66 48 177 42 87 121 130 29 69 66 11 59 144 63 159 97 41 194 111 10 46 43 115 127 178 113 53 181 3 162 184 68 157 51 169 20 155 49 10 111 30 109 134 40 62 132 145 64 117 86 123 121 130 29 35 15 179 94 140 71 190 171 172 156 153 92 58 167 100 194 75 32 79 182 46 10 83 0
250 54 646 1038 554 192 956 595 371 489 952 1148 452 400 919 997 232 1045 871 1165 478 1061 768 707 695 351 617 365 754 585 437 638 1150 194 1153 875 949 940 278 732 784 263 936
80
0 90 123 54 176 76 9 64 117 86 16 144 63 36 133 191 107 25 151 181 107 105 139 13 137 177 191 107 181 182 44 195 126 66 69 29 19 178 126 60 161 3 162 102 40 159 61 131 78 187 146 6 31 4 166 32 75 38 156 7 92 125 72 98 76 43 185 42 103 7 23 80 57 119 101 65 57 144 63 83 0
737 969 379 530 764 313 199 85 479 423 47 1055 240 729 141 629 1058 40 1192 418 8 472 752 1170 1163 144 812 245 11 1169 191 45 1032 735 972 872 209 32 131 765 932 453
72
0 83 188 3 162 102 167 183 2 151 27 82 34 113 53 115 29 35 15 173 158 168 64 145 109 134 40 155 24 73 14 130 29 69 70 197 12 128 1 44 122 171 49 174 8 77 138 43 147 50 152 188 93 132 99 105 155 20 165 97 163 195 184 28 60 161 142 174 8 77 186 90 0
1082 616 798 517 359 244 380 1144 789 318 781 578 763 1159 91 130 912 723 1117 303 684 283 947 287 961 726 582 307 93 162 330 416 951 655 166 1137 200 65
68
0 61 177 137 12 17 162 175 139 105 81 99 133 191 26 109 173 198 8 178 54 141 52 180 179 108 187 80 57 51 96 192 95 134 40 159 55 109 38 156 153 170 76 160 86 101 30 111 10 49 171 95 103 7 34 48 98 72 53 181 3 181 107 56 163 111 10 83 0
955 419 445 724 1054 374 345 175 653 965 465 998 1047 825 1147 383 332 71 778 33 581 488 167 811 535 326 1095 1193 893 1003 448 354 1048 221 994 966 185 459 407 524 4 80 576 79
105
0 83 17 63 8 91 118 91 8 77 186 112 49 10 83 194 41 151 16 93 132 62 111 47 111 30 5 31 6 161 142 174 47 161 142 174 51 169 154 37 47 111 10 87 49 10 148 15 173 65 199 130 121 130 29 69 66 52 138 98 70 30 5 120 104 196 84 58 167 20 155 105 114 125 65 101 170 76 43 46 193 129 22 21 144 135 142 190 124 190 23 189 23 135 51 169 20 180 158 54 141 24 167 58 83 0
1101 917 269 887 1065 169 1110 280 1085 777 490 580 637 767 487 627 758 422 370 833 226 140 1062 281 24 1115 1188 218 797 222 340 660 1189 1141 642 29 456 976 155 342 667 1143 258 1081 775 1079 1123
81
0 90 133 191 107 105 99 133 32 179 199 109 197 47 37 78 187 128 121 113 53 18 97 41 13 137 177 163 14 130 29 35 164 9 69 66 67 77 176 22 187 101 65 57 54 141 24 98 70 30 39 115 43 185 39 143 185 42 103 95 11 140 43 186 112 170 76 42 31 6 21 144 65 52 154 37 47 111 30 5 90 0
614 605 591 410 483 207 1060 996 831 256 270 672 933 139 83 277 697 1161 1012 333 964 594 396 64 895 977 592 230 188 1073 468 880 600 559 639 640 884 771 323 1053 1074 264 515 22
81
0 31 42 53 181 107 153 92 136 69 66 152 188 7 103 42 4 166 162 106 83 116 163 72 97 54 108 187 146 6 31 42 28 89 56 192 193 191 107 181 182 27 82 181 107 25 114 134 6 51 57 80 178 126 84 58 167 100 150 186 112 170 48 174 8 77 56 111 10 49 171 95 134 164 9 23 190 124 111 10 83 0
785 62 665 786 983 804 104 430 632 1075 846 334 601 974 409 376 88 1016 801 746 634 421 259 834 300 1011 350 680 463 1022 659 331
