12
69
0 90 122 165 97 159 27 82 187 80 23 135 142 161 47 197 74 177 137 12 17 162 3 181 182 44 195 124 168 91 88 186 112 170 76 176 77 8 192 95 11 63 144 16 86 101 156 36 111 174 51 169 35 29 111 30 5 120 25 114 105 155 114 105 155 20 45 106 83 0
424 393 1129 392 33 209 1081 155 487 1096 445 724 1054 472 4 729 141 1111 650 509 1136 379 619 811 559 313 764 1048 317 180 1149 643 1115 121 340 222 498 42 6
80
0 90 133 99 105 81 99 133 191 26 109 38 156 117 86 160 91 164 9 7 92 125 65 57 54 141 52 184 68 94 24 98 70 63 8 77 186 112 116 95 134 40 62 132 173 198 124 126 44 169 154 37 47 111 10 49 161 55 151 97 41 104 120 27 2 14 130 121 128 47 111 174 51 169 20 155 21 144 63 83 0
1014 175 653 1009 993 893 354 172 92 45 1032 594 1079 1147 803 486 64 917 887 837 469 535 624 1029 364 625 627 777 133 878 1113 882 1005 1122 1042 277 256 153 755 558 1053 199 453
108
0 83 194 41 151 16 112 49 171 95 103 42 103 7 23 189 111 174 47 142 174 8 91 118 91 8 198 124 190 23 189 44 126 60 161 142 174 51 96 192 193 165 37 78 187 128 47 140 43 46 10 148 15 35 71 139 105 107 181 3 188 93 62 132 145 180 52 138 98 72 98 70 30 39 34 10 87 49 171 95 103 7 156 117 110 100 167 58 84 196 107 45 3 159 61 177 22 21 130 121 130 29 35 90 11 63 144 90 0
169 1110 280 1194 1065 994 600 880 872 258 767 234 1001 269 998 667 923 497 488 167 306 1002 996 831 160 426 639 422 710 584 818 299 383 281 24 407 1184 758 191 182 797 218 475 645 419 856 456 140 697 773 216 106
76
0 83 188 152 197 113 53 181 107 196 104 102 40 159 55 130 29 19 178 111 47 197 74 129 22 187 101 65 199 130 29 69 66 67 77 8 119 101 30 111 189 168 32 179 199 109 11 63 36 43 186 112 170 76 160 4 58 165 55 109 197 113 53 18 97 41 13 130 29 69 66 126 178 54 123 90 0
568 389 570 1188 715 752 326 1095 1102 1192 418 1098 207 446 29 964 833 226 40 333 795 765 221 82 1067 1109 591 410 853 550 1036 640 884 448 1013 81 98 1193 483 672 933 139 709 1058 825 737
113
0 83 188 53 181 107 25 114 134 40 62 132 99 133 191 26 180 159 61 122 1 128 47 111 10 83 188 93 132 21 144 63 36 85 152 50 147 43 185 67 66 69 136 173 15 148 15 173 198 124 111 56 9 69 66 152 188 7 103 42 45 189 7 87 49 10 111 47 37 78 58 83 194 75 32 79 182 181 3 188 43 185 42 31 6 134 113 143 185 42 31 161 142 174 86 40 155 49 171 49 174 48 189 111 10 46 10 111 47 37 78 119 90 0
1082 1174 746 330 193 1084 303 1045 717 593 1088 162 93 177 658 786 789 782 970 331 463 983 804 999 832 676 557 784 263 88 921 634 583 960 460 728 1159 351 287 961 1044 871 449
78
0 83 58 167 100 194 9 7 103 33 6 31 42 53 181 107 196 166 162 184 195 124 51 6 31 42 177 137 13 127 123 54 108 187 128 72 98 76 43 115 29 69 66 11 59 81 105 139 71 190 23 165 20 155 24 73 14 130 29 69 70 197 150 100 167 183 2 151 27 82 34 113 53 181 107 45 10 83 0
278 732 454 44 62 768 115 430 655 692 421 371 868 145 646 601 554 1165 1144 1148 452 1153 416 91 130 912 723 948 300 798 517 359 244 1168
85
0 61 131 16 75 32 179 108 187 146 79 146 6 161 49 171 95 134 156 162 92 192 193 31 42 103 33 185 48 98 76 43 185 39 143 185 42 31 6 21 144 63 36 133 99 105 139 13 130 29 35 164 9 115 164 9 69 66 52 154 37 25 114 125 150 151 181 107 105 139 175 162 102 14 163 177 191 30 5 90 122 10 49 10 83 0
955 405 95 71 778 812 170 245 637 440 690 900 939 751 508 459 230 188 1073 468 323 85 479 1055 1161 338 262 1012 1062 515 1185 660 861 47 345 374 780 83 240 428 490 22 485 462
87
0 83 58 84 126 44 1 198 44 122 171 172 156 153 107 181 3 162 184 68 157 51 135 144 59 37 180 158 54 141 24 91 118 116 163 72 98 70 63 144 164 9 7 103 42 28 60 161 142 174 8 77 138 43 46 182 27 82 181 3 162 106 185 48 170 194 130 29 69 66 48 177 197 12 128 47 111 30 109 134 77 56 192 8 77 186 90 0
395 834 684 827 283 947 875 949 665 707 695 148 400 701 577 1075 241 104 974 166 726 582 307 936 1016 801 632 1011 192 611 956 595 341 1117 617 365 680 376 65
83
0 83 17 63 144 65 101 170 76 43 117 86 43 46 193 139 105 99 133 191 26 109 173 65 52 184 68 195 126 60 161 142 174 147 186 112 170 76 42 4 166 32 75 38 156 93 132 145 64 168 136 50 133 191 107 25 114 98 70 161 142 190 141 24 167 100 176 84 159 184 68 178 167 100 14 165 23 190 70 30 111 10 83 0
1101 1074 1189 972 914 1141 642 361 965 465 370 264 621 629 870 1057 771 10 11 534 1169 800 585 718 252 413 614 423 75 895 289 342 396 1123 744 271 417 678 161 876 805 451 291
84
0 90 133 32 75 47 37 183 18 176 54 158 180 159 61 131 78 125 72 53 181 107 56 163 111 47 50 30 39 115 164 9 64 117 86 6 156 153 170 76 43 185 48 51 57 144 135 142 161 49 171 190 23 164 9 7 34 48 177 93 188 3 162 184 28 89 62 111 47 37 78 46 85 152 184 145 132 93 188 3 161 151 10 83 0
605 563 101 236 969 775 1170 1163 144 1196 735 524 80 576 79 294 971 977 592 530 538 255 1003 581 932 976 1143 214 966 185 513 1172 890 409 654 1085 1060 982 898 290 286 8 796 72
117
0 85 152 153 92 32 75 156 153 184 68 157 161 142 135 176 77 8 91 118 116 129 131 78 119 57 80 62 32 75 156 117 86 185 143 103 95 190 23 45 3 162 198 110 126 60 161 84 81 59 37 47 111 10 49 171 88 182 181 107 105 99 133 191 97 36 111 10 46 62 132 108 187 40 62 132 93 197 113 50 121 113 55 31 6 56 9 56 89 155 114 25 120 104 158 180 159 61 155 20 6 31 5 21 125 42 103 95 134 77 8 91 5 30 111 10 83 0
337 1059 189 320 958 963 242 579 118 562 1076 733 131 32 620 1131 916 35 792 457 178 953 61 822 372 742 957 120 17 814 1090 628 669 270 228 1135 268 813 381 641 68 77 691 745 580 905 1106 1049 704 51
85
0 90 133 99 105 139 126 60 161 142 174 48 51 57 80 178 113 53 115 127 178 180 158 54 123 121 130 29 35 15 179 94 140 173 158 168 64 117 86 123 72 97 163 72 98 70 63 159 97 41 194 9 23 164 134 40 62 132 145 109 134 40 102 167 58 92 121 156 153 92 5 30 111 10 83 0 31 42 87 121 130 29 111 10 83 0
250 54 434 1137 200 350 873 259 1061 380 478 1130 638 1150 194 318 781 437 1038 846 951 919 997 232 659 1022 754 578 763 616 940 1041 928 785 902 489 952
