12
82
0 83 188 3 162 175 139 105 99 133 191 26 109 197 74 177 137 12 17 162 102 40 62 111 10 46 85 152 188 93 132 173 136 50 133 32 166 4 160 91 164 195 126 178 111 174 51 57 80 23 190 95 117 110 100 14 165 97 41 13 137 177 22 21 144 63 8 77 186 112 170 76 42 103 95 134 156 7 103 95 11 90 0
472 374 345 1009 993 965 483 1096 445 724 1054 752 1085 898 1088 624 154 413 605 11 10 1013 92 536 629 1098 153 497 581 209 35 182 876 805 139 145 856 456 917 887 771 440 191 559 216
84
0 83 188 93 132 145 64 168 32 75 38 126 66 69 29 35 164 9 115 164 9 69 29 130 121 128 47 37 183 18 97 41 104 92 125 72 98 24 91 118 116 95 103 42 31 193 165 97 159 27 82 187 101 65 199 130 29 69 66 67 77 8 119 101 65 57 54 141 52 184 28 60 161 55 151 181 107 45 106 185 42 4 58 83 0
568 1109 534 1169 1058 1161 338 256 101 933 1005 663 1032 735 64 269 562 469 880 939 1002 1129 392 964 226 333 765 594 1079 1147 890 878 1113 47 475 6 468 81
69
0 90 133 191 107 56 163 111 30 39 115 164 9 64 168 91 160 86 16 112 170 76 43 185 48 34 113 53 18 176 54 158 180 179 199 130 29 69 29 19 178 54 141 24 167 100 176 84 196 104 102 162 184 68 94 140 43 185 48 65 52 180 14 163 72 98 70 63 83 0
614 80 576 79 592 262 530 718 650 172 354 764 1194 884 972 185 672 236 969 775 332 591 697 40 1192 418 825 396 1123 744 218 1188 715 803 639 980 264 383 83 407 895 453
74
0 61 131 78 187 146 6 156 93 62 89 28 60 161 142 135 23 190 70 161 142 174 147 186 112 170 76 43 46 193 192 95 103 7 92 192 8 198 124 126 44 169 154 37 25 125 150 151 97 191 133 99 105 81 99 133 191 107 181 182 44 189 45 20 155 114 98 76 160 86 6 31 5 90 0
955 812 245 800 584 654 155 1081 291 289 870 1057 1141 642 306 811 45 900 619 998 364 923 625 627 1185 861 882 957 1014 175 653 88 729 999 42 755 498 75 448 538 580 22
81
0 31 42 177 137 177 197 113 53 188 152 50 147 98 76 170 48 189 111 124 51 135 144 164 9 23 164 134 6 31 42 103 33 6 31 42 53 181 3 162 102 167 58 84 126 139 105 155 24 94 140 173 158 180 159 97 163 72 98 70 197 12 128 72 97 41 198 124 198 1 44 122 171 49 161 142 174 8 77 186 90 0
785 902 371 868 341 1174 162 93 554 1011 1044 331 692 148 241 659 1022 634 44 62 616 278 834 434 91 194 318 997 951 723 1117 846 232 1008 970 827 684 283 947 287 200 726 65
70
0 83 58 167 183 2 151 27 82 34 113 53 181 107 196 166 162 184 195 127 178 113 53 115 127 123 121 130 194 170 76 43 115 29 35 15 173 136 69 66 11 59 144 63 36 82 181 107 153 92 5 30 109 145 64 117 110 172 156 162 184 68 157 51 169 20 155 49 10 83 0
1082 395 798 517 359 244 768 115 430 655 478 1061 380 646 638 611 192 1165 1144 789 786 1148 452 400 801 665 928 365 578 585 949 707 695 351
73
0 83 58 165 55 109 173 198 84 159 61 131 16 151 10 87 49 171 95 103 7 34 113 53 181 3 159 55 130 29 35 90 123 72 53 181 107 105 155 21 144 65 199 109 38 156 36 63 144 21 6 161 142 190 23 189 168 64 117 86 101 170 76 43 185 48 98 76 43 186 112 116 83 0
98 1193 465 1029 271 1170 405 280 72 758 994 600 966 4 645 1095 1102 773 737 524 222 558 1053 1074 833 410 893 317 323 637 342 1143 258 1067 1048 1189 459 640 837
101
0 83 106 162 92 58 78 187 40 62 132 99 105 107 45 10 49 174 48 51 6 161 31 42 87 49 10 111 189 7 103 95 134 40 155 89 28 60 161 49 171 123 72 98 70 116 163 177 61 122 197 113 143 185 43 185 67 66 69 73 14 130 29 19 140 173 15 148 15 179 163 177 22 176 9 194 75 32 79 182 46 43 188 152 66 48 174 8 119 90 133 191 26 180 37 47 111 10 46 10 83 0
632 940 557 996 330 54 1168 961 350 873 421 960 489 1045 832 1159 166 1137 501 1038 1075 419 1084 583 177 658 257 623 782 1150 415 1195 784 263 936 921 983 956 449 193 701 871
90
0 90 122 165 97 159 184 145 132 93 188 152 197 74 129 31 6 156 162 184 68 178 167 58 83 188 93 177 191 133 36 63 144 16 75 156 153 170 76 9 69 66 52 138 98 109 11 90 133 191 30 111 10 83 188 3 161 142 174 51 169 35 15 173 65 101 30 5 120 25 114 125 65 57 80 187 108 179 32 75 47 50 30 39 143 185 39 34 10 83 0
424 393 417 286 818 389 570 446 255 690 1172 678 161 513 240 479 199 313 95 958 1003 1012 1062 281 24 853 428 617 8 180 1149 370 221 490 1115 121 660 32 33 778 71 563 294 971 977 188 1073 230 1184
117
0 90 122 10 83 17 63 144 135 142 174 8 77 176 76 43 117 86 160 91 88 186 112 33 185 42 103 7 23 164 23 165 37 47 111 189 44 195 124 92 162 102 14 130 121 130 29 111 47 197 113 53 181 3 188 152 184 52 154 37 47 161 151 10 49 161 142 174 51 169 20 180 14 2 27 82 187 146 79 146 187 128 47 142 174 51 96 192 193 139 105 107 25 114 105 139 71 139 13 41 194 111 174 47 37 78 46 10 148 57 144 63 36 43 46 10 83 0
485 1101 976 1001 379 914 509 1136 508 872 214 451 777 82 141 780 277 140 643 207 290 515 487 796 462 133 1042 1122 170 831 160 234 488 167 361 423 340 710 1055 169 767 1060 982 422 398 932 85 1036
103
0 83 58 84 81 105 99 133 50 121 113 197 93 188 152 153 92 32 62 132 108 191 133 99 105 195 124 92 153 184 68 157 68 195 124 190 23 1 70 197 113 55 31 129 22 187 40 62 46 43 185 143 103 95 67 66 69 181 107 45 23 190 171 88 182 76 43 185 86 160 91 5 31 129 131 78 125 42 31 6 56 6 20 180 145 132 21 5 120 104 158 180 159 61 155 89 56 9 164 11 63 144 90 0
797 822 669 270 628 1059 189 320 620 814 540 461 963 242 621 667 367 1119 228 1135 29 1090 17 916 942 37 792 372 742 569 1131 51 1076 1196 1049 268 745 299 717 905 68 77 691 641 381 813 1183 550 106
84
0 90 133 191 107 25 114 134 77 138 43 185 48 177 22 187 108 54 158 168 64 117 86 40 62 132 93 188 7 87 121 156 153 92 121 130 29 35 71 190 171 49 10 83 58 167 100 150 91 24 73 14 130 29 69 70 63 159 61 131 78 119 57 80 178 180 20 165 100 194 9 7 103 42 28 89 56 192 8 77 56 111 10 83 0
250 746 582 307 595 601 781 437 728 754 804 676 952 1041 1153 300 577 130 912 919 1163 144 259 1130 416 732 454 104 974 409 376 680 463
