12
103
0 90 122 10 148 15 173 198 8 174 51 169 35 29 111 47 37 25 114 125 42 103 7 23 189 44 126 60 161 47 111 36 43 185 143 39 75 194 41 151 181 3 188 152 197 113 53 181 3 161 49 10 111 163 72 98 138 45 106 83 58 167 100 110 117 64 168 64 145 184 52 154 37 47 111 36 133 50 30 111 47 142 174 51 175 139 13 130 29 35 71 139 105 99 133 191 26 109 11 90 144 63 83 0
424 485 422 998 497 180 1149 643 1185 660 1049 872 258 923 487 1036 1073 188 366 784 169 1110 47 389 570 8 462 79 24 2 6 182 718 585 286 515 479 971 234 282 345 1055 709 710 853 216 106 453
87
0 90 35 164 9 115 164 195 126 178 54 158 180 14 130 29 69 66 126 44 169 20 155 114 105 81 99 133 191 26 191 133 32 179 108 187 101 65 57 80 187 146 6 31 129 170 76 43 46 10 111 47 37 183 18 97 41 104 92 125 72 98 70 63 144 65 57 54 141 52 184 28 60 161 142 135 23 165 55 151 27 2 14 100 167 58 83 0
773 1161 338 536 629 825 775 277 1058 625 755 498 175 653 1014 1009 993 605 71 964 33 812 245 1039 972 1141 871 777 101 933 1005 663 1032 735 199 1074 594 1079 1147 890 1081 451 1113 1122 1042 876
97
0 83 194 9 64 145 132 173 198 44 195 124 92 192 193 192 95 117 86 6 31 193 139 105 107 25 114 105 99 133 191 26 109 38 130 29 35 15 173 65 101 30 111 10 49 171 95 11 63 144 135 142 190 23 80 62 46 193 165 97 159 184 52 180 158 54 141 24 91 160 4 58 167 100 176 76 43 185 42 103 7 34 10 46 43 186 112 33 185 48 98 70 197 47 111 10 83 0
530 818 624 1029 141 900 306 811 538 939 361 423 340 965 893 370 221 994 559 550 976 155 342 209 17 642 1002 417 383 396 1013 81 379 468 880 966 1184 640 508 459 207
66
0 61 131 16 151 97 159 55 109 197 74 177 137 12 17 63 8 119 101 65 199 130 29 19 178 74 129 170 76 42 4 166 32 75 38 156 93 188 3 181 107 196 104 102 40 62 89 28 60 161 151 150 186 112 170 76 43 117 86 123 90 133 191 30 5 90 0
955 405 280 882 1095 1193 483 1096 445 724 1101 917 795 765 833 226 697 1192 418 446 771 10 11 1169 800 4 1188 715 752 654 796 861 885 884 914 737 428 490 22
83
0 83 188 152 50 147 11 63 159 61 131 78 58 84 126 44 1 122 69 66 152 188 93 132 99 133 191 107 153 184 195 124 92 136 69 29 35 15 173 158 54 141 24 91 8 77 138 43 115 127 178 180 158 54 123 121 130 194 170 76 43 185 48 174 51 6 31 42 103 33 6 134 40 155 49 10 83 188 7 87 49 10 83 0
162 93 919 1163 144 557 834 684 983 330 665 655 786 789 318 577 726 582 307 1165 478 1130 638 611 192 350 421 44 634 1159 351 804 676
80
0 31 42 87 121 130 29 35 15 179 32 79 182 46 43 185 42 53 181 107 25 114 134 40 62 132 145 109 30 111 10 49 174 8 77 56 111 47 37 180 159 97 41 194 9 23 190 171 95 134 164 9 7 189 45 10 111 47 140 94 24 73 14 130 29 69 66 11 59 144 135 51 124 92 58 167 100 150 186 90 0
785 902 489 952 1150 263 936 177 62 768 746 754 578 365 1045 961 680 463 701 997 232 659 1022 454 832 999 1168 194 130 1148 452 400 148 692 940 278 300 65
125
0 85 152 188 93 132 108 187 40 159 61 131 95 190 124 92 153 184 68 195 124 168 63 36 97 191 133 88 182 181 3 188 93 1 70 63 144 21 5 120 104 196 57 80 62 132 93 197 113 191 133 50 121 113 53 181 107 45 3 159 61 155 105 155 20 6 56 89 155 105 81 84 143 103 95 134 40 62 132 145 64 117 86 185 56 9 69 181 3 188 93 75 156 7 103 42 31 6 161 142 174 51 96 192 8 91 5 30 39 34 113 55 31 129 22 176 135 142 174 47 37 78 46 10 83 0
337 814 778 1090 326 721 35 667 189 963 621 1111 85 120 957 742 197 1119 905 68 1177 32 628 565 669 270 475 645 691 222 745 268 381 641 822 916 535 1131 813 37 736 958 191 637 488 167 619 51 977 228 1135 29 118 767 1060 982
74
0 90 133 99 105 139 13 127 123 72 97 163 72 98 76 170 48 185 67 66 48 177 22 187 108 54 141 24 155 20 180 158 168 64 117 110 172 156 117 86 40 102 167 183 2 151 10 111 30 39 34 82 181 107 196 166 162 184 68 157 51 57 80 178 113 197 12 128 1 198 124 111 10 83 0
250 54 646 1038 846 951 554 1011 658 956 595 601 91 781 949 437 728 616 798 517 359 72 617 244 801 115 430 707 695 259 1061 1117 303 827 970 331 1082
75
0 83 17 162 3 188 93 177 191 107 56 163 72 98 70 116 95 103 95 134 156 162 3 188 7 92 124 126 178 111 174 51 57 144 21 6 31 5 120 25 114 98 24 167 58 84 159 27 82 39 34 48 185 143 84 176 77 8 174 147 186 112 116 163 14 165 55 130 29 35 15 173 65 52 83 0
1054 472 513 240 614 80 576 407 895 469 600 440 690 45 364 1098 153 581 932 1053 323 580 1115 121 75 64 1123 797 271 392 347 185 744 1001 870 1057 837 83 805 1102 264
90
0 90 133 50 136 168 32 75 47 111 10 83 188 53 18 176 77 186 112 170 76 43 185 48 51 169 20 155 21 144 157 68 94 140 43 185 39 115 164 9 69 66 52 184 152 188 93 62 32 75 16 112 186 88 91 118 116 163 72 53 181 107 196 84 58 167 20 45 3 162 184 68 178 180 159 61 131 78 187 128 47 111 10 87 49 161 55 165 58 83 0
413 252 1109 534 563 672 236 887 873 558 176 242 803 639 230 592 262 1012 1062 290 584 620 95 1194 1136 509 269 562 524 218 42 1172 678 1170 996 831 758 133 878 98
78
0 83 188 3 162 102 14 130 121 128 47 111 62 46 85 152 153 170 76 182 44 122 165 97 41 13 137 177 22 21 144 16 86 123 54 176 77 67 66 69 29 146 79 32 179 199 109 173 65 101 156 36 111 189 168 91 160 86 101 170 76 160 91 164 23 190 70 161 142 174 51 169 154 37 47 111 10 83 0
568 780 140 256 160 1085 898 1059 1003 569 729 393 1129 139 856 456 313 764 877 969 333 40 170 591 410 465 317 82 1067 650 172 354 1048 1189 448 92 214 1143 291 289 627
116
0 83 106 162 3 188 53 115 29 35 15 148 15 35 71 190 23 165 20 180 26 191 107 181 182 181 107 105 139 126 44 122 157 161 31 42 103 95 117 36 85 152 188 93 132 21 144 164 9 7 103 42 177 137 13 130 121 156 153 92 5 30 111 47 50 121 113 143 185 42 28 89 28 60 161 142 174 51 96 192 56 9 69 70 116 163 72 98 70 197 177 197 74 188 43 185 48 189 44 122 61 122 171 49 10 83 58 167 100 194 9 176 77 8 119 90 0
632 1174 380 1144 782 1153 416 193 88 434 283 579 960 817 593 1088 717 241 104 371 868 145 1041 928 294 583 974 409 166 1137 200 376 912 1075 723 341 899 921 1044 1084 947 287 395 732 1195 449
