12
72
0 90 133 32 75 38 130 29 19 178 74 129 22 187 80 57 51 135 142 161 55 109 197 74 177 191 133 99 105 139 13 41 104 92 125 65 101 170 76 176 77 8 174 147 186 112 116 163 111 47 140 43 185 143 39 34 48 98 76 43 185 42 103 95 11 63 144 21 6 31 5 90 0
605 1169 1192 418 446 29 33 32 581 155 878 1193 483 1096 240 1055 139 1005 663 1032 1189 379 1001 870 1057 837 79 426 639 1073 188 185 459 600 559 1053 323 22
74
0 90 133 99 105 81 99 133 191 107 56 9 115 43 185 42 4 166 32 75 16 112 170 76 43 117 64 168 91 164 9 69 29 111 47 111 178 54 141 52 184 28 89 62 132 173 65 57 54 176 84 159 27 2 14 130 29 146 187 101 65 57 119 101 65 125 72 98 109 38 130 29 35 90 0
1014 175 653 1009 80 338 468 10 11 534 95 1194 972 914 650 92 643 777 1098 825 1079 1147 890 409 654 624 594 969 744 271 392 1122 1042 277 812 964 131 765 735 893 773
84
0 90 122 10 49 171 95 103 7 92 136 50 30 111 10 83 188 152 153 170 76 43 185 42 31 193 165 97 159 184 68 178 180 14 102 14 100 167 58 165 23 135 51 169 154 37 25 72 53 181 107 25 114 125 65 101 30 111 47 37 183 18 176 77 186 88 91 160 4 58 84 196 107 181 3 161 49 171 95 103 7 34 10 83 0
424 485 462 994 45 413 971 389 1059 1003 939 1129 417 678 780 876 98 451 1081 180 627 1185 1025 524 423 660 221 101 236 887 1136 509 1013 81 797 218 4 8 133 966 1184
79
0 61 155 105 99 133 191 107 181 182 44 195 163 14 130 121 128 47 111 189 168 32 179 108 187 146 79 146 6 161 151 181 107 105 99 133 191 30 111 10 46 43 185 39 115 164 23 80 62 46 85 152 184 52 180 179 199 130 29 69 66 52 154 37 47 111 10 148 15 173 198 8 192 95 67 77 8 63 83 0
955 691 222 614 88 729 141 302 83 140 256 160 82 1067 1109 71 778 170 245 637 796 47 428 230 592 262 214 209 17 898 1088 290 383 332 591 226 40 1062 515 422 998 619 811 942 333 917 453
77
0 90 133 191 107 25 114 134 164 9 176 77 138 43 185 42 53 115 127 178 180 14 130 29 35 15 179 32 79 182 46 43 185 42 28 60 161 142 174 51 124 92 153 107 196 166 162 184 68 94 140 173 158 168 64 145 132 93 188 7 87 49 174 47 37 183 2 151 27 82 34 113 178 126 84 58 83 0
250 746 1022 1195 582 307 177 62 380 478 1130 1150 263 936 974 166 1137 200 692 665 115 430 707 194 318 781 585 804 676 961 517 359 244 1061 834
109
0 83 188 53 181 107 105 99 133 191 26 180 20 155 40 62 132 145 109 30 111 47 37 165 97 159 61 122 44 122 171 49 10 151 10 46 10 83 58 78 58 167 100 194 75 156 7 189 44 1 93 188 43 147 50 152 66 69 136 149 15 137 177 197 113 143 185 67 66 69 29 35 15 148 15 173 15 35 71 190 23 189 45 3 181 107 105 99 133 75 32 179 163 116 163 195 184 14 102 167 58 92 5 31 6 134 77 186 90 0
1174 768 54 193 1159 578 365 617 997 1084 283 947 287 72 871 395 557 278 732 784 832 684 921 93 162 983 786 1068 500 341 583 658 782 789 1153 999 571 415 1075 655 296 616 940 928 634 65
106
0 85 27 82 187 108 191 107 87 49 171 88 182 76 9 56 89 155 20 6 31 5 30 39 30 5 91 160 86 185 143 103 95 134 40 62 132 108 187 40 62 132 93 197 113 191 133 50 121 113 53 181 3 159 97 36 63 144 21 5 31 129 131 78 125 42 103 7 156 153 92 32 75 156 153 184 68 157 68 195 124 190 171 95 190 23 45 3 181 69 29 130 182 181 107 105 81 84 161 142 135 176 77 8 119 90 0
337 1160 540 512 372 742 569 813 381 641 745 490 977 51 1131 916 535 814 1090 628 565 669 270 645 120 905 1076 1196 1049 191 189 320 958 963 242 621 667 35 792 37 772 822 61 118 795 449
80
0 31 42 87 121 156 117 110 172 156 117 86 40 62 132 99 133 191 107 45 10 111 47 37 183 167 100 150 186 112 170 76 43 115 29 69 66 48 177 137 13 127 123 121 130 194 9 23 190 171 95 103 42 177 22 187 108 54 158 180 20 155 24 73 14 130 29 69 66 11 59 144 157 51 169 20 155 49 10 83 0
785 902 489 952 1041 949 437 728 754 330 1168 1045 798 300 1165 1144 956 595 868 145 646 638 611 659 371 601 91 130 1148 452 400 695 351 1082
76
0 90 123 54 141 24 98 70 116 95 134 156 93 188 3 181 107 45 20 155 114 98 76 42 31 5 120 104 102 101 65 52 184 145 132 93 188 53 18 97 159 61 131 16 151 150 186 112 170 76 160 86 6 156 36 43 46 193 165 55 130 29 35 164 195 126 66 126 60 161 49 10 87 49 10 83 0
737 396 64 895 469 440 800 475 42 755 498 75 771 580 1115 715 264 286 818 672 933 1170 405 280 861 885 884 448 354 538 255 317 1036 642 1002 1102 697 1161 536 629 1058 758
118
0 83 106 45 3 162 3 188 152 197 177 93 62 111 10 83 58 167 100 110 117 86 101 156 162 92 192 8 174 51 96 192 193 139 71 139 105 114 25 120 104 196 104 158 180 159 61 122 165 55 31 42 103 7 23 189 23 190 70 197 47 37 78 46 43 186 112 33 185 48 177 22 21 144 90 11 63 168 64 145 132 93 75 47 142 190 171 49 161 142 174 47 111 174 51 169 20 155 21 144 135 144 21 138 98 72 98 70 161 47 37 78 187 128 47 111 10 83 0
6 472 570 513 584 1085 182 1048 690 900 497 488 167 306 361 710 340 121 68 1188 77 775 393 1135 880 872 258 1143 291 207 1060 982 1141 640 508 856 456 106 216 718 736 563 234 342 767 153 558 976 24 407 289 487 996 831
73
0 83 188 3 181 107 105 139 175 162 102 40 159 55 151 97 41 194 9 64 145 180 14 165 55 31 6 56 163 177 137 12 17 63 144 65 199 109 11 63 36 133 191 26 109 173 198 124 126 44 169 35 15 173 65 57 144 16 86 160 91 118 116 83 17 162 184 68 94 24 167 58 83 0
568 345 374 752 326 1095 1113 882 169 530 299 805 268 576 445 724 1101 199 1074 833 410 853 550 85 479 993 965 465 1029 364 923 625 1149 370 932 313 764 172 269 562 1054 1172 803 486 1123
80
0 90 144 164 9 7 103 33 6 51 135 144 63 159 61 131 78 119 57 80 178 126 139 105 155 20 165 97 163 72 98 76 43 185 48 174 47 37 180 158 54 141 24 91 160 86 123 72 97 41 151 27 82 181 3 162 106 83 194 170 48 189 111 56 192 8 77 56 9 69 70 197 12 128 1 198 124 111 10 83 0
241 454 104 44 421 148 919 1163 144 259 434 416 951 554 350 701 577 1038 846 232 1110 801 632 192 1011 1044 463 376 726 680 912 723 1117 303 827 970 331
