12
77
0 90 122 165 23 164 9 64 117 110 116 95 103 7 92 124 126 178 167 100 14 130 29 19 178 111 47 37 25 114 105 81 99 105 155 114 25 120 104 102 162 3 188 152 184 159 27 82 187 40 159 61 131 16 86 123 54 158 180 179 199 109 173 65 52 184 28 89 62 32 166 4 31 6 86 123 90 0
424 451 214 530 469 600 45 364 161 876 697 1192 418 1098 1185 340 175 653 222 498 121 68 715 290 417 392 1090 326 1170 405 764 877 591 410 465 370 264 890 409 654 620 11 538 737
79
0 83 188 3 181 107 45 106 185 48 98 24 91 118 116 112 170 76 43 46 85 152 188 3 162 184 68 178 54 176 84 159 61 131 78 58 165 97 41 104 158 180 14 2 27 82 187 80 62 132 108 179 114 98 70 30 39 143 185 56 163 14 130 121 128 47 111 10 49 161 55 44 169 20 155 21 144 63 83 0
568 475 6 459 64 269 562 837 972 1141 898 1088 678 825 969 744 271 1163 557 98 1129 1005 775 1042 1122 33 814 71 75 977 188 576 83 277 256 777 133 878 625 755 558 1053 199 453
127
0 85 152 188 3 159 61 155 89 194 41 194 75 156 117 110 126 60 161 142 135 176 22 129 170 76 43 185 42 31 5 30 5 91 160 86 185 143 103 95 67 66 69 181 107 45 23 190 171 88 182 76 43 185 42 125 65 199 130 121 130 29 111 47 50 121 113 197 93 188 152 153 184 68 157 68 195 124 190 23 1 70 197 113 55 31 6 56 89 28 60 161 142 174 51 96 192 8 174 47 37 78 125 150 186 112 49 171 95 103 33 8 119 90 11 63 144 90 133 99 105 81 84 161 49 10 83 0
337 645 691 641 309 169 958 953 118 29 1039 490 51 1131 916 942 37 792 372 742 569 1049 833 226 140 643 294 669 270 628 1059 963 242 621 667 367 1119 228 1135 268 381 488 167 619 767 1196 885 1065 510 795 449 550 106 822 61
80
0 83 58 84 196 107 25 114 125 72 53 11 109 134 77 8 198 124 92 136 50 133 32 75 38 126 44 122 69 66 52 180 14 102 14 165 37 47 142 190 141 52 154 37 47 140 43 185 39 115 43 185 143 185 42 31 6 161 142 135 23 190 70 30 111 47 197 74 129 31 5 120 25 151 16 75 47 111 10 83 0
797 218 423 660 735 524 853 763 704 998 413 605 534 1169 923 1062 383 780 805 234 342 1147 515 426 639 230 592 1073 468 155 1081 291 207 446 580 1115 280 95 563
89
0 31 42 87 121 130 29 69 70 197 113 53 115 127 123 72 97 163 72 98 76 43 185 42 53 181 107 196 166 4 166 162 184 68 157 51 169 20 165 97 41 194 9 23 190 171 172 156 153 92 5 30 111 10 83 58 167 183 2 151 10 111 30 39 34 82 181 107 105 99 133 191 26 180 179 94 140 173 158 79 182 46 43 185 48 189 45 10 83 0
785 902 489 952 912 723 380 646 1038 846 951 554 62 768 115 10 430 707 695 416 232 659 875 949 928 395 798 517 359 72 244 801 193 194 318 263 936 1044 999 1168 1082
101
0 145 64 145 132 21 144 164 195 124 92 164 9 69 136 173 15 173 198 90 122 69 66 67 185 43 115 29 35 15 148 15 179 32 75 194 9 176 77 44 1 93 188 43 185 48 177 197 113 143 185 42 53 188 7 103 7 156 162 106 185 56 192 8 178 180 179 163 116 163 111 47 37 180 159 97 54 123 121 130 29 69 73 14 130 194 111 10 49 174 51 135 144 157 161 142 174 8 77 186 90 0
585 717 241 536 553 786 789 716 658 1165 1144 782 1150 784 1195 630 684 921 341 583 1174 804 104 632 376 1047 1130 332 415 1075 701 997 334 638 257 611 1045 961 148 579 200 726 65
97
0 90 133 191 26 109 197 113 53 181 107 196 104 92 192 193 165 97 41 13 137 12 3 181 107 105 139 13 130 29 35 164 9 69 66 67 77 186 112 170 76 176 77 8 63 36 43 185 48 51 57 144 16 112 170 76 160 86 101 170 76 42 103 95 134 40 102 162 92 125 65 101 30 111 62 132 145 184 52 138 98 72 98 70 116 163 111 10 87 49 171 95 11 90 122 10 83 0
993 965 483 1188 663 900 1002 139 445 39 4 1055 709 1161 1012 333 887 379 917 85 1036 873 581 932 313 1194 448 354 1048 1189 771 880 535 752 1032 221 1085 818 286 281 24 407 895 79 758 994 559 216 485
77
0 83 188 152 50 147 43 185 42 31 6 134 164 9 69 66 11 59 144 63 159 61 177 42 28 60 161 49 155 40 62 132 99 105 139 71 190 141 24 91 8 77 138 43 185 48 177 137 13 127 178 126 139 105 107 153 43 185 48 170 194 9 7 189 111 124 51 169 20 155 114 134 77 56 111 10 83 0
162 93 177 634 1022 1148 452 400 919 419 371 974 166 1137 351 1159 754 330 1153 577 582 307 595 868 145 478 434 665 1011 192 832 331 692 746 680 463
64
0 83 17 162 184 68 94 55 130 29 69 66 126 60 161 151 181 182 44 195 126 60 161 49 10 148 15 173 132 93 177 22 21 6 161 70 197 74 177 191 107 56 9 115 164 91 160 4 31 193 192 95 134 156 7 23 80 57 54 141 24 167 58 83 0
1054 1172 803 358 1102 40 1058 796 47 88 729 141 629 462 422 624 513 856 456 323 637 289 1096 240 614 80 813 338 262 92 939 306 811 440 191 872 209 32 594 1079 396 1123
102
0 83 17 63 144 135 144 65 57 80 34 7 103 33 185 42 4 58 167 100 110 117 156 36 133 99 133 191 133 50 30 111 10 83 188 93 62 132 108 187 128 47 37 78 187 146 6 31 173 198 124 92 153 170 76 43 185 48 34 10 49 171 95 190 23 189 111 174 142 161 47 37 183 18 176 77 8 174 51 169 154 37 78 46 193 139 105 155 20 45 3 181 107 105 139 71 139 175 51 169 35 90 0
1101 976 1074 966 751 508 81 182 317 479 1014 1009 971 584 778 831 160 1060 245 1029 189 1003 185 1184 35 1143 258 153 487 101 236 1001 497 180 627 982 642 361 42 710 345 282 1149 773
64
0 61 122 165 55 151 97 191 30 111 189 168 32 79 146 187 101 65 57 119 101 156 162 3 188 152 197 113 53 18 97 159 55 109 38 156 93 188 3 161 142 174 147 186 112 170 76 43 117 64 168 91 150 151 10 46 43 186 88 91 160 4 5 90 0
955 1084 393 1113 882 957 428 82 1067 1109 170 812 964 131 765 690 472 389 570 672 933 1095 1193 893 800 8 870 1057 884 914 718 650 66 861 640 1136 509 172 1013 22
80
0 90 133 99 105 155 24 73 14 130 121 156 162 184 195 124 198 124 92 58 167 100 150 186 112 33 6 51 169 131 78 187 108 54 158 168 64 117 86 40 102 167 100 194 9 7 87 49 10 111 30 109 145 132 93 188 152 66 48 174 51 57 80 178 113 197 12 128 1 198 84 126 44 122 171 49 10 46 10 83 0
250 54 91 130 1041 655 970 940 278 300 44 421 144 996 601 781 437 728 616 732 454 676 617 365 578 983 956 350 259 1061 1117 303 827 834 283 947 287 871
