12
117
0 85 152 153 184 68 195 105 107 87 49 10 111 47 140 173 65 101 156 153 92 124 168 64 117 110 126 60 161 84 81 105 99 133 50 121 113 197 93 188 3 159 61 155 105 155 89 56 6 31 5 91 160 86 185 48 177 22 129 31 5 21 125 42 31 6 56 9 7 103 95 67 66 69 181 3 188 93 75 156 153 92 32 62 46 43 185 143 103 95 134 77 8 119 57 80 62 132 145 180 159 61 131 102 162 198 124 190 171 95 134 40 62 132 21 144 90 0
337 1059 963 621 461 512 426 370 189 1111 953 61 822 669 270 628 645 691 222 641 381 268 51 1131 856 29 905 1106 1049 813 942 37 736 958 320 620 17 916 704 795 32 299 844 457 667 535 717 106
88
0 83 188 3 181 107 25 114 98 70 197 74 177 137 12 135 23 190 141 52 184 28 60 161 142 174 8 77 176 84 159 61 131 16 75 38 156 162 3 181 151 97 191 133 32 179 108 187 146 6 31 193 139 105 99 133 191 26 191 107 56 163 116 112 186 88 91 164 195 126 60 161 49 10 111 174 8 198 124 126 44 169 154 37 47 111 10 83 0
568 423 75 1096 445 670 1081 1147 890 744 271 405 95 1169 690 47 882 957 1009 605 71 812 245 939 361 1014 993 80 576 837 509 92 536 629 133 153 998 364 625 627 777
107
0 90 35 164 9 69 66 126 44 189 111 174 8 77 186 88 186 112 33 185 143 39 115 164 9 115 164 9 7 23 190 70 197 47 161 142 174 51 169 20 155 21 57 51 96 192 193 165 55 130 29 35 71 139 105 107 25 120 25 151 16 93 62 132 145 184 52 154 37 78 187 128 47 37 78 46 10 83 17 63 144 135 144 135 142 190 23 164 9 7 156 153 170 76 43 46 10 111 30 39 185 42 31 6 86 123 90 0
773 1161 1012 1058 923 82 887 1136 508 1073 188 592 262 338 872 291 207 487 497 180 558 838 581 488 167 306 1002 1102 697 710 121 280 584 818 286 515 1060 831 160 982 1101 976 155 342 214 1003 1141 977 230 538 877 737
81
0 83 188 93 177 191 30 111 47 37 183 18 97 41 194 75 47 37 78 187 101 65 199 109 11 63 144 65 101 156 93 188 3 162 102 14 165 23 80 89 62 111 36 63 144 157 68 94 140 43 185 48 98 72 53 181 182 76 43 117 86 160 91 118 116 95 103 7 34 10 148 15 173 198 124 92 136 50 30 5 90 0
513 240 428 101 933 169 784 563 996 964 853 550 1074 800 472 780 805 451 209 391 654 1085 85 176 242 803 639 459 524 569 972 914 269 562 469 600 966 1184 422 1029 413 971 490 22
77
0 90 133 99 105 81 59 144 63 36 82 181 3 188 152 50 147 11 63 159 61 122 171 172 156 162 184 68 157 51 6 31 42 177 137 13 127 178 180 37 47 111 10 49 155 24 94 140 173 136 69 73 24 91 8 178 113 197 123 121 156 162 184 195 124 92 58 167 100 194 170 48 185 43 46 10 83 0
250 400 801 162 93 919 1084 947 875 949 707 695 421 371 868 145 478 1130 701 351 91 194 786 257 130 577 1047 1061 638 1041 655 940 732 192 1011 177 1082
76
0 31 42 87 121 130 29 35 15 173 158 168 64 117 86 40 62 132 99 105 139 13 127 123 72 97 41 194 9 23 190 171 95 103 42 53 115 29 69 66 48 51 124 111 47 37 183 2 151 27 82 34 113 197 12 128 1 44 126 60 161 49 174 142 161 49 10 111 47 37 183 167 100 150 186 90 0
785 902 489 952 789 318 781 437 728 754 330 54 646 1038 846 232 659 62 380 1144 956 873 692 331 517 359 244 1117 303 684 1137 961 200 1045 798 300 65
73
0 90 122 165 97 159 55 109 173 132 145 64 168 32 75 16 144 21 144 63 8 77 176 22 21 6 31 5 120 104 196 107 45 20 155 114 125 65 101 170 76 43 185 42 4 58 167 100 176 54 141 24 98 70 116 163 14 100 110 117 86 16 112 170 76 43 186 112 49 171 95 11 90 0
424 1129 1095 1193 465 624 585 718 1109 534 313 1053 199 917 456 323 580 1115 68 1188 475 42 755 498 660 1189 81 969 1079 396 64 895 83 876 182 764 1194 640 1065 994 559 216
108
0 83 106 162 102 167 58 78 131 61 177 197 74 188 7 87 49 10 45 3 181 182 46 10 49 171 95 134 40 155 105 107 153 92 5 31 6 134 77 56 9 69 29 35 15 148 15 35 29 130 194 9 7 103 42 31 6 113 143 185 42 45 189 44 122 69 66 67 185 115 43 185 42 31 161 142 174 48 189 7 103 33 6 31 42 28 89 28 60 161 142 135 144 157 161 142 135 51 57 80 178 180 26 191 97 163 116 83 0
632 616 278 557 144 1163 419 341 899 804 676 1168 88 936 871 287 1159 665 928 634 680 782 611 454 104 583 999 283 658 1165 960 350 1044 832 44 974 409 166 579 148 259 193 951 1075
76
0 90 133 191 107 105 81 99 133 191 26 109 38 156 36 43 185 42 53 18 176 77 8 174 47 142 174 147 186 112 170 76 42 31 6 161 3 181 182 44 195 124 92 192 95 190 23 189 168 91 160 86 101 65 52 180 159 184 162 102 40 159 61 131 78 187 80 34 48 185 43 54 57 144 63 83 0
614 175 653 965 893 317 1036 468 672 236 767 234 870 1057 884 771 637 8 4 729 141 900 811 35 1143 258 1067 650 172 354 1048 264 383 417 752 326 1170 33 185 903 594 932 453
71
0 61 122 165 55 151 10 46 193 191 133 36 111 10 83 17 162 184 68 178 54 158 180 159 27 2 14 130 121 128 47 37 25 114 105 139 13 41 104 102 162 92 125 72 98 76 160 4 166 32 179 163 111 30 101 65 57 119 101 65 199 109 197 113 53 181 107 196 84 58 83 0
955 393 1113 72 642 479 1054 1172 678 825 775 392 1122 1042 277 140 256 1185 340 1055 139 1005 715 1032 735 407 448 1013 10 11 415 79 221 131 765 833 410 483 218 797
90
0 90 122 10 87 49 10 46 85 152 197 74 129 31 6 161 55 31 42 103 95 134 156 7 92 121 130 29 19 178 111 10 83 106 45 138 98 70 161 151 150 186 112 170 76 176 9 64 145 132 108 187 146 79 32 179 199 130 29 69 66 67 77 8 174 51 169 35 29 69 66 52 184 152 188 3 162 175 139 105 99 24 167 58 165 37 47 111 10 83 0
485 758 462 898 1088 570 446 878 1135 880 440 191 45 1192 418 1098 6 2 24 289 796 861 885 379 1195 530 778 170 591 226 40 333 1001 1149 1062 290 389 374 345 1124 1123 98
86
0 145 109 30 111 56 192 8 77 138 43 188 93 132 108 54 123 72 98 76 43 185 48 177 22 187 146 79 182 181 107 196 166 162 3 188 152 66 11 59 81 105 155 20 165 97 159 61 122 69 29 35 15 179 114 134 164 144 21 130 29 69 70 197 113 53 181 107 105 139 71 190 124 198 1 93 188 53 181 107 105 139 126 84 58 83 0
578 365 617 463 376 726 582 307 921 814 601 554 595 263 115 430 983 1148 452 416 997 1150 746 1022 241 912 723 768 1153 970 827 1174 434 834 395
